gh
47
326 120
326 123
326 125
325 128
321 135
320 140
319 147
319 152
321 158
326 163
334 165
344 166
355 166
361 165
367 161
369 159
369 162
368 165
364 168
364 171
361 177
360 186
361 190
366 194
370 197
378 198
392 196
404 184
413 170
418 156
420 139
420 126
420 121
419 120
419 121
419 125
419 133
419 141
419 163
419 195
419 219
419 230
422 233
422 236
421 235
420 233
419 230


ta
37
271 127
276 133
279 138
281 143
283 148
287 159
288 162
291 168
291 171
289 171
286 171
277 168
258 168
234 168
211 175
201 185
201 204
205 215
208 225
212 237
218 250
222 261
227 266
239 270
252 270
264 270
275 270
283 270
285 269
287 265
288 263
290 261
291 260
293 259
296 258
298 257
300 256


ae
65
527 80
528 85
528 88
528 95
528 99
528 114
528 120
528 124
528 126
528 127
527 127
525 128
524 128
522 129
521 129
520 129
519 130
518 131
516 131
508 131
494 131
480 131
468 131
461 131
457 131
454 131
452 131
451 131
451 130
451 127
452 125
453 121
458 107
461 95
465 80
467 72
468 69
473 57
473 59
473 63
473 78
470 97
462 119
456 136
454 148
452 154
452 157
452 158
452 160
451 162
451 163
451 165
451 167
451 169
453 174
466 187
479 193
495 200
508 204
521 210
526 212
527 212
528 212
529 212
529 211


aha
166
280 164
281 163
282 163
283 163
286 162
288 162
290 162
299 162
302 163
306 169
312 184
312 200
311 212
305 220
298 226
288 230
283 231
282 232
281 232
281 231
281 230
283 230
287 230
293 231
304 236
320 243
339 250
354 261
355 267
355 279
345 288
330 296
308 301
285 301
272 299
268 298
266 295
269 288
275 282
284 277
294 271
311 261
318 255
320 249
320 246
318 243
315 243
310 241
304 239
296 236
289 234
284 231
283 231
281 230
281 229
282 228
286 228
295 228
308 228
351 222
423 200
485 179
537 160
572 139
576 130
576 124
570 124
568 124
562 124
559 126
556 133
551 144
548 159
548 179
548 216
548 233
552 247
556 256
557 265
557 276
557 285
557 289
557 293
557 297
555 301
553 304
551 305
552 301
554 295
556 291
556 285
559 277
565 261
579 244
596 232
609 224
620 216
631 205
632 200
632 197
632 192
632 190
632 187
631 184
630 184
629 183
629 185
630 194
634 204
640 210
645 214
654 216
660 216
665 213
671 204
674 195
673 188
670 185
663 185
643 197
632 208
625 216
622 222
622 226
624 227
628 227
634 227
642 223
651 215
656 208
656 202
656 201
655 201
653 203
650 212
645 225
637 246
627 279
620 301
618 315
620 324
628 330
635 332
643 332
647 329
651 324
651 320
651 314
651 309
651 308
647 306
646 306
643 310
643 323
643 331
643 336
644 338
645 339
647 339
649 338
651 333
652 327
652 323
652 320
651 318
649 318


oh
162
253 169
253 168
254 167
255 166
256 165
258 163
259 162
263 159
267 157
271 155
277 154
282 154
288 154
292 158
296 164
297 172
295 182
289 192
273 202
264 205
257 207
253 208
251 209
251 208
252 208
255 207
258 207
265 206
273 206
284 206
290 207
292 210
292 214
293 221
293 228
293 238
288 248
280 256
274 260
268 262
258 262
254 262
253 262
252 262
252 261
252 259
253 259
254 259
256 259
258 259
259 259
268 259
274 259
280 259
288 255
294 248
299 240
302 235
302 229
300 225
298 220
292 216
286 214
285 213
283 212
283 211
283 210
285 208
287 208
291 206
295 205
310 199
324 194
334 186
339 180
341 177
342 171
342 168
342 166
341 164
341 161
341 158
342 155
342 154
343 154
344 155
345 159
351 173
357 195
359 220
359 236
361 253
363 258
364 262
366 264
365 264
365 263
364 262
364 261
364 260
364 259
364 257
364 256
364 255
365 253
366 243
366 225
365 202
358 192
354 180
349 175
345 174
344 173
343 173
342 171
341 169
340 169
340 168
342 168
345 167
351 165
359 162
369 158
373 156
374 155
375 156
376 160
377 165
380 175
385 200
387 241
389 250
390 255
391 256
391 253
391 246
391 238
391 224
385 204
376 181
372 163
366 150
364 138
360 130
353 122
347 115
337 104
328 98
320 93
312 91
310 91
309 91
310 92
313 93
316 95
321 97
329 100
338 102
345 103
351 103
357 103
358 103


da
71
360 147
361 149
362 153
364 159
366 163
367 166
368 171
368 173
369 173
368 173
365 173
361 173
355 173
340 173
329 173
324 175
318 180
315 185
312 192
311 196
309 200
308 202
308 205
308 211
313 217
315 220
318 222
320 224
325 226
330 227
338 231
346 233
352 234
360 236
369 239
376 241
381 243
382 244
383 245
384 247
386 250
386 254
387 257
387 261
387 263
387 265
387 268
386 271
385 272
382 275
379 277
375 279
368 280
362 282
355 282
348 282
343 282
335 282
332 282
327 282
326 282
325 282
324 282
323 282
322 282
321 282
320 282
319 282
318 282
317 282
315 282


n1
191
387 145
387 146
387 147
387 148
387 149
387 150
387 152
387 153
387 154
388 155
389 158
391 162
393 165
393 166
394 168
393 168
390 168
388 167
384 167
377 167
369 167
364 167
361 168
359 170
358 171
358 173
358 176
358 181
358 185
359 188
359 191
362 194
363 197
364 199
366 201
368 201
369 202
371 203
376 205
378 206
380 208
381 210
382 211
383 213
384 215
385 216
386 218
386 221
388 223
389 227
389 228
389 230
389 231
389 234
389 237
387 239
385 242
384 243
382 244
380 245
377 245
374 246
371 246
370 246
366 246
363 246
359 246
358 246
357 245
355 244
354 244
353 243
353 242
353 241
353 240
353 237
353 236
353 234
354 234
355 234
357 234
358 234
359 234
361 235
363 235
364 236
366 239
371 241
374 246
376 249
377 250
379 251
379 252
380 252
380 253
380 254
380 255
381 255
381 256
381 257
382 257
382 258
382 259
383 259
383 261
383 262
385 264
386 263
386 262
386 261
387 258
387 256
387 255
387 254
387 251
387 249
387 247
387 246
387 245
387 244
387 243
386 243
386 242
386 241
386 240
386 239
386 238
386 237
386 236
386 235
386 234
386 232
387 228
387 227
387 225
387 223
387 221
387 219
387 218
387 217
387 216
387 215
387 214
389 214
391 215
393 215
395 215
397 215
400 215
404 215
406 215
407 215
409 215
411 213
412 213
414 212
414 211
414 210
414 211
414 212
413 212
412 214
412 215
412 216
412 217
412 218
413 218
414 218
414 219
415 219
416 219
417 219
418 219
419 219
420 219
420 218
420 217
421 216
421 215
421 214
421 213
421 212
420 212
419 211
418 210
417 210
416 209
415 209
414 210
414 211
414 212


n2
114
262 212
263 212
269 212
273 212
278 212
287 212
302 212
315 214
325 219
329 223
332 229
336 244
336 255
336 265
332 272
327 275
319 278
311 279
301 279
295 279
289 279
287 279
284 279
283 279
282 278
281 278
281 276
281 275
281 273
282 273
283 273
286 273
290 273
299 271
317 271
327 271
335 268
343 266
346 265
350 263
350 262
351 261
351 260
350 258
348 257
345 256
343 255
337 253
336 250
335 248
334 247
334 246
334 245
334 244
335 243
336 241
336 239
336 238
337 238
338 238
340 238
347 236
356 234
367 234
381 233
392 232
407 229
433 220
445 214
451 205
455 198
455 191
455 183
455 171
451 161
448 146
444 135
440 128
438 116
437 114
436 113
436 114
436 119
436 126
436 137
436 168
436 213
436 243
440 260
442 272
446 281
448 290
450 292
452 299
454 305
457 312
459 318
460 319
460 320
460 321
460 323
460 324
461 326
462 328
463 330
464 333
464 335
465 336
467 338
467 339
469 340
469 341
471 342
475 342


dhha
82
571 110
571 112
573 115
573 116
576 124
578 128
579 133
579 140
579 147
579 154
579 165
579 170
579 174
579 180
579 186
579 190
579 192
578 194
578 189
578 186
578 180
578 175
578 164
578 157
578 152
578 149
578 147
578 145
577 144
577 143
577 142
576 142
574 142
573 142
569 142
555 136
550 136
546 136
545 136
543 136
543 137
543 138
543 139
543 140
543 143
543 145
544 156
547 163
547 171
547 176
547 179
544 182
539 185
535 186
529 186
525 189
521 189
515 189
511 188
507 184
502 179
499 177
495 171
493 169
493 165
493 163
496 162
497 162
503 163
509 165
513 169
517 174
522 180
524 190
528 201
532 209
533 212
535 212
536 212
537 212
538 212
539 212


r
55
272 191
273 191
275 191
276 189
278 189
282 187
284 186
285 185
286 184
287 184
289 184
291 184
291 185
292 186
293 188
294 191
294 194
294 198
294 202
290 207
285 211
281 213
276 216
272 219
269 221
267 223
266 224
267 224
269 224
272 224
274 224
276 225
283 226
290 227
296 227
300 226
304 223
309 219
314 214
317 210
321 204
322 200
322 196
322 195
322 194
322 195
322 198
322 200
322 211
323 220
323 228
323 234
323 236
323 237
323 239


n3
80
331 133
331 134
331 137
331 152
331 189
331 216
333 233
337 247
341 255
343 263
347 266
349 266
352 266
357 262
361 258
364 251
366 239
366 225
366 213
366 203
362 195
359 189
357 182
354 178
353 173
350 169
342 163
335 160
324 156
313 151
309 149
306 149
305 149
306 147
307 147
308 147
313 146
328 146
352 146
388 146
427 146
460 146
477 142
481 140
482 140
480 141
479 143
477 144
476 147
471 153
465 162
457 176
453 192
445 211
442 221
439 230
438 235
436 239
436 245
436 249
436 252
435 254
435 255
435 256
435 257
436 259
436 260
437 264
438 266
438 268
438 271
438 272
438 273
438 276
438 280
440 283
441 287
443 288
443 289
443 290


pa
47
265 190
265 191
265 193
265 194
266 195
266 200
266 202
266 205
265 207
260 207
252 207
244 206
241 203
238 200
237 196
238 191
246 187
260 186
272 186
285 186
297 186
311 186
318 186
321 186
322 184
323 183
323 177
322 167
316 155
312 146
309 142
308 139
307 139
308 143
309 146
313 154
316 162
326 193
330 210
334 222
338 234
340 242
342 243
342 244
343 243
344 243
344 242


ya
52
252 103
254 104
254 110
254 115
254 130
254 143
254 153
254 159
253 164
252 166
250 167
249 169
248 169
246 169
243 168
242 163
238 156
238 152
241 144
244 140
251 140
260 140
274 143
286 147
301 153
309 153
315 153
317 153
317 152
317 151
317 150
317 148
316 145
315 138
313 132
313 126
313 120
313 115
313 113
313 110
313 109
313 112
313 121
313 133
306 163
296 190
288 215
285 227
285 231
285 234
285 232
285 231


tta
52
321 118
323 119
327 123
330 127
337 135
341 137
341 139
338 139
334 139
330 140
321 144
309 150
296 165
287 188
284 202
281 216
281 229
282 240
287 246
295 250
305 251
318 244
324 237
331 229
335 219
339 210
341 202
342 194
342 188
342 183
340 178
338 175
334 170
328 163
326 160
323 155
321 152
320 151
320 150
319 150
319 149
319 148
319 147
319 146
319 145
318 145
317 145
314 145
312 145
310 145
306 145
304 145


cha
44
370 129
374 129
380 129
393 129
406 129
435 129
461 124
469 121
469 120
469 122
468 125
466 129
465 130
458 140
455 144
454 149
454 156
455 160
456 162
458 163
461 165
467 164
473 160
490 143
494 138
500 125
503 111
504 104
504 98
504 92
504 88
504 89
504 93
504 100
504 108
504 127
504 166
504 183
504 196
504 201
504 209
504 210
504 215
504 217


ga
81
396 146
397 146
397 148
397 150
398 151
400 154
400 170
400 189
400 201
399 213
396 218
396 220
394 220
393 220
389 217
384 212
378 205
373 197
373 193
374 191
376 191
377 191
380 191
384 189
388 186
389 186
390 186
390 185
391 185
392 184
392 183
393 183
394 183
396 181
397 181
398 181
399 181
400 180
400 179
400 178
400 177
400 175
400 172
400 171
399 168
399 164
399 161
398 157
398 155
397 154
397 153
395 151
394 150
394 149
394 147
394 146
393 146
392 145
391 144
394 144
397 144
400 144
402 144
408 144
417 144
426 144
435 144
438 144
439 144
439 146
439 150
439 156
439 163
439 186
439 216
439 240
443 252
444 258
446 260
446 259
446 258


ma
97
336 106
337 107
337 108
338 109
339 109
339 110
339 112
340 116
340 125
340 131
340 134
340 135
339 136
338 136
335 133
333 130
331 126
328 118
327 112
327 109
327 108
330 105
332 105
339 105
346 105
360 105
375 105
391 105
403 110
418 114
421 116
421 117
421 119
421 120
421 122
421 123
419 125
419 128
417 131
417 137
417 147
417 164
416 175
414 183
410 191
409 196
407 200
406 202
404 202
403 202
401 202
398 199
395 191
392 184
390 176
390 170
392 166
399 164
406 163
414 163
428 168
436 171
450 175
478 179
487 179
492 179
494 178
496 176
498 174
498 166
498 160
498 149
495 136
495 122
495 101
495 99
495 94
495 98
495 102
495 108
495 123
495 141
495 160
495 184
502 219
508 236
510 245
510 250
511 252
512 252
512 253
513 253
514 253
515 253
516 252
518 251
521 246


thr
52
483 238
458 228
424 218
390 207
352 184
287 148
252 122
240 114
238 109
239 109
241 109
252 118
270 136
295 166
306 185
305 217
291 244
268 269
234 291
209 303
191 309
184 317
184 321
187 326
196 335
203 342
217 348
231 353
248 353
270 353
295 348
317 341
334 333
345 322
349 311
351 300
351 293
351 292
351 288
346 286
339 284
335 284
331 287
329 295
329 314
329 338
335 369
342 389
350 397
354 401
356 401
357 401


ow
274
272 160
273 160
276 160
279 160
281 160
284 160
291 160
292 160
294 160
295 160
297 161
302 163
311 166
319 169
325 171
329 174
330 176
330 181
328 188
325 195
319 200
313 204
306 209
302 210
299 212
297 212
295 212
294 212
293 213
291 214
289 215
287 215
286 215
287 215
288 215
291 215
294 215
299 215
303 216
307 219
309 222
312 227
313 233
316 240
316 248
316 258
316 266
316 271
316 275
313 277
310 278
307 279
303 281
297 281
292 281
287 281
281 280
275 278
272 278
270 276
269 276
269 275
271 275
272 275
275 274
284 274
292 274
299 274
307 273
314 270
320 266
323 262
324 259
324 255
324 252
321 249
318 245
312 240
308 235
304 232
301 228
296 226
296 225
294 224
294 223
298 223
304 223
311 223
319 223
330 223
345 223
357 222
364 218
367 216
368 214
368 210
368 206
368 201
368 197
368 193
368 191
368 188
368 187
368 186
368 183
368 180
368 176
368 175
368 174
369 176
369 179
369 183
369 190
369 206
369 225
369 242
369 255
369 260
369 262
369 263
369 264
369 265
369 266
369 264
369 261
369 255
369 249
369 235
369 224
369 212
369 202
369 195
369 192
369 188
369 187
370 187
372 187
373 187
374 187
375 187
376 187
376 186
379 185
380 185
383 184
386 182
389 182
390 181
390 180
392 183
392 187
392 193
392 201
392 219
392 236
392 246
392 253
392 260
392 265
392 267
392 268
392 265
392 263
392 258
392 254
392 243
392 231
392 218
389 205
382 191
379 182
377 178
377 175
377 173
377 171
377 167
377 161
375 156
374 151
372 145
368 134
364 127
361 121
356 113
352 108
347 103
343 100
339 98
335 96
333 96
332 96
332 97
330 100
329 103
329 106
331 112
335 117
341 123
350 128
357 130
360 130
363 130
364 130
365 132
367 135
367 137
369 139
371 140
372 144
375 150
377 154
378 159
378 160
379 160
380 160
380 161
380 163
381 165
382 166
383 169
385 174
386 177
387 179
389 182
389 183
390 183
391 185
391 186
391 187
392 187
393 187
393 186
394 186
395 182
395 176
396 161
396 149
396 133
396 117
396 105
393 93
391 88
389 81
386 76
383 72
383 70
383 69
383 68
382 68
381 68
380 68
379 70
379 71
377 72
377 73
377 74
377 75
377 78
378 82
379 85
380 87
382 89
384 91
385 91
387 91
388 91
390 91
391 91
391 90
392 90
394 90
395 90
395 91
396 94


ba
70
273 113
273 117
272 122
272 130
271 139
271 148
271 164
271 177
273 190
275 194
277 197
280 198
283 198
286 197
293 191
300 183
305 176
309 166
311 154
311 147
311 142
311 138
310 137
310 136
310 135
309 135
309 134
309 133
308 132
308 130
308 127
308 128
308 132
308 138
308 147
307 154
307 172
307 191
303 208
298 228
298 238
298 241
298 243
298 244
298 245
298 243
298 241
298 238
300 232
302 226
304 212
306 199
310 191
315 186
320 185
327 185
334 185
342 185
345 189
348 197
357 216
359 228
359 238
359 244
359 248
359 252
358 254
358 255
356 256
356 258


bha
72
310 181
310 180
310 179
310 177
309 175
308 175
306 174
304 171
291 167
275 165
259 165
241 165
224 166
214 169
201 173
192 177
190 179
190 183
194 190
199 197
204 202
216 209
227 211
241 211
258 211
279 204
301 197
319 186
329 176
335 164
337 156
337 149
337 144
337 143
336 142
335 141
333 138
331 134
330 131
328 129
327 129
327 132
327 137
327 148
327 159
324 196
321 243
310 282
306 296
304 304
304 305
303 305
302 302
301 301
299 298
298 295
295 290
290 282
239 171
238 169
238 167
238 166
236 165
236 163
237 164
239 170
241 177
246 187
251 195
263 213
268 218
270 220


gya
81
208 164
209 164
212 167
217 172
223 178
231 185
250 199
270 208
293 217
318 227
335 227
346 227
347 226
347 224
345 222
343 222
340 223
334 226
319 234
303 242
286 248
268 254
250 258
233 262
224 264
222 266
220 267
219 267
217 267
217 268
216 268
215 268
215 269
219 269
226 269
232 269
241 269
250 269
278 260
300 253
318 247
328 238
334 234
341 230
347 225
353 221
356 219
362 214
364 211
364 210
365 210
365 209
365 207
365 205
364 203
361 197
360 188
356 178
352 167
350 162
349 161
349 162
351 166
355 178
357 194
358 216
358 243
358 262
358 276
359 283
360 287
362 292
363 296
364 299
365 304
366 308
367 312
369 318
370 321
371 324
371 327


dha
66
427 104
428 104
429 106
432 110
438 116
441 120
443 121
443 122
443 123
442 123
439 123
438 123
429 123
422 124
416 126
413 129
411 133
407 137
403 140
400 143
398 148
394 157
394 161
394 165
394 167
394 169
395 172
396 173
397 174
400 175
402 177
403 177
406 178
413 180
419 180
425 180
432 180
439 180
442 180
445 180
445 179
445 178
446 178
446 177
446 176
445 176
445 175
445 174
445 173
446 173
446 172
447 172
448 171
449 170
449 171
449 174
449 177
449 181
449 185
447 196
446 207
446 209
446 210
446 211
446 212
445 212


pha
57
201 145
202 145
203 145
203 146
203 147
203 148
203 151
203 156
203 162
203 172
207 183
209 189
214 191
217 193
221 196
226 197
232 199
237 199
240 199
244 195
246 191
248 186
248 180
248 175
247 173
247 171
247 169
246 167
246 165
244 163
244 162
244 161
244 160
244 159
244 158
246 163
248 169
251 176
254 187
261 212
264 217
265 220
265 223
267 224
268 226
269 229
269 230
269 231
269 232
269 233
269 234
269 235
270 235
270 236
270 237
270 238
271 238


dda
52
332 122
334 124
337 129
342 137
345 143
349 148
350 149
349 149
345 149
336 149
321 149
307 153
292 159
282 167
277 174
274 182
270 194
270 202
270 213
271 217
273 220
278 225
283 228
289 230
298 233
303 233
309 233
314 231
319 228
326 223
328 217
328 212
328 206
328 202
326 200
325 199
323 198
320 198
317 198
315 200
312 207
309 211
306 217
304 222
303 223
303 225
303 226
305 229
309 233
311 237
312 238
312 237


ksha
72
294 153
296 156
296 159
297 162
299 166
301 172
302 172
300 172
295 172
290 172
281 173
273 177
268 178
265 182
264 185
263 187
262 189
261 191
261 195
261 196
262 198
268 202
275 202
283 204
290 204
295 204
298 204
299 204
299 205
299 207
299 208
299 211
299 213
299 215
299 216
299 217
298 217
296 217
296 214
296 212
295 212
293 210
292 209
289 209
286 209
282 210
279 212
274 214
269 217
267 221
265 228
263 230
262 234
260 237
260 240
261 246
262 248
263 250
264 251
266 252
267 252
270 252
274 252
280 252
294 252
297 252
308 250
310 248
317 247
318 246
318 245
318 244


tha
43
236 244
234 241
231 238
228 231
222 214
219 201
219 192
223 186
227 184
230 183
237 183
245 183
250 183
261 187
269 190
275 195
278 200
280 205
282 210
284 214
284 220
284 221
284 217
284 210
284 205
283 195
283 176
283 163
283 158
283 157
284 159
286 166
288 173
292 179
292 198
292 215
292 226
292 233
292 238
292 242
292 245
292 246
292 247


ee
138
487 93
486 93
486 94
486 96
487 98
489 99
489 100
490 101
492 101
493 101
495 101
496 100
496 96
497 93
497 89
497 87
496 84
494 81
492 79
490 78
489 77
488 77
487 77
485 77
484 77
482 78
481 79
481 81
481 84
481 86
480 90
479 92
478 95
478 96
478 98
478 101
478 105
478 106
478 111
482 117
484 119
486 121
489 123
490 123
490 124
492 125
492 126
494 127
496 129
497 129
498 131
498 132
498 133
498 134
497 134
497 135
497 136
498 137
498 139
499 139
499 140
499 141
499 142
500 142
499 142
497 142
495 140
492 140
490 140
490 141
490 142
489 142
488 143
488 144
488 145
488 146
488 147
488 148
489 148
489 149
490 149
490 150
491 151
493 153
494 154
495 155
497 156
498 157
499 158
500 160
500 163
500 166
502 166
502 168
502 172
501 176
500 178
499 179
496 180
492 180
490 180
486 180
485 180
484 180
483 180
483 179
482 178
482 176
482 175
482 174
484 174
485 174
486 174
487 175
488 176
489 176
492 178
493 179
493 180
495 184
496 186
497 189
498 190
499 192
501 193
503 195
505 197
507 197
508 197
509 197
510 197
511 197
513 197
516 197
517 197
521 195
522 195
524 191


om
141
368 156
368 154
368 152
370 149
370 144
374 141
376 137
379 134
380 133
385 131
386 131
388 133
388 135
389 136
389 137
391 139
391 142
392 147
392 150
391 158
387 162
384 166
383 167
384 167
385 167
387 167
389 167
392 167
394 170
398 173
400 174
402 178
403 183
403 189
403 193
402 200
395 206
388 208
382 209
376 211
369 211
365 211
360 211
357 210
357 209
358 209
361 209
365 209
372 209
378 209
384 209
388 208
393 206
397 205
400 203
405 198
406 194
406 189
406 182
406 177
403 171
402 169
401 167
400 167
399 167
398 167
397 167
396 167
395 167
394 167
394 166
392 166
391 165
391 164
391 163
391 162
391 161
391 160
391 158
392 157
393 157
395 155
399 154
406 154
411 154
415 154
419 156
425 164
429 174
432 184
435 193
438 205
438 211
438 216
436 225
432 231
429 234
427 235
427 236
426 236
426 235
426 234
426 233
426 232
426 231
426 230
426 229
426 227
426 225
371 81
371 82
371 84
373 86
374 90
380 96
390 102
406 109
419 112
433 112
443 112
455 108
462 105
467 99
469 93
470 88
471 84
471 83
415 94
415 95
416 97
417 97
418 98
419 98
420 98
421 98
423 98
423 96
424 94
426 92
426 90
426 89


chh
75
361 177
361 176
362 176
364 175
365 174
367 173
371 169
374 166
378 159
378 156
378 154
377 153
376 151
372 151
366 151
361 152
359 153
352 159
349 163
347 172
346 181
346 187
348 192
351 194
354 194
359 195
367 195
375 195
379 195
382 194
383 194
384 194
385 194
386 193
387 192
386 195
383 200
381 203
378 210
376 217
375 222
373 225
373 228
374 233
376 237
379 240
384 243
388 246
396 246
402 246
409 244
414 242
418 238
419 235
419 231
418 231
417 231
416 231
415 231
413 231
410 231
407 231
406 232
404 236
404 243
406 250
413 259
424 263
439 265
460 260
486 249
503 236
529 221
530 216
530 215


i
99
359 115
360 115
360 117
361 119
361 121
361 122
361 126
361 129
361 132
361 133
361 134
359 134
357 134
356 134
353 134
347 134
344 134
342 134
341 134
340 136
340 137
339 140
338 141
337 144
335 146
335 147
335 150
335 153
335 155
336 157
336 159
337 159
337 160
339 162
343 164
350 165
361 166
368 166
371 166
372 166
372 167
372 169
372 170
372 171
372 172
371 172
370 175
370 177
367 180
366 181
365 183
363 185
359 186
356 188
353 188
349 190
347 190
345 190
342 190
341 190
338 190
336 190
334 189
333 189
330 187
329 185
329 184
329 183
329 181
329 180
329 179
330 179
332 179
333 179
334 180
335 180
335 181
338 184
340 187
342 190
345 194
346 197
348 199
348 201
348 202
350 204
350 206
350 207
351 208
351 209
351 210
352 211
352 212
353 212
354 213
356 214
358 215
359 215
360 215


va
61
332 256
329 253
324 248
316 239
311 230
293 199
289 184
289 176
290 171
293 168
298 166
307 164
321 165
332 169
340 175
353 185
361 191
364 197
365 198
365 199
365 198
365 194
365 190
365 186
366 178
372 169
382 164
396 160
412 159
425 159
438 159
454 164
475 177
484 183
489 191
491 196
491 201
491 205
491 206
491 204
491 202
491 201
491 198
491 195
491 186
489 178
487 169
482 157
478 149
477 147
477 149
477 151
477 154
477 156
477 161
477 186
491 221
500 250
509 276
511 283
511 286


ja
44
177 161
184 164
187 165
193 167
199 169
208 173
216 174
217 174
220 174
221 173
223 172
224 170
225 167
225 163
225 159
225 155
224 154
226 154
230 155
233 155
237 155
244 155
256 151
259 149
260 145
260 143
260 142
260 140
260 139
260 135
260 133
260 130
261 135
264 140
265 145
268 149
269 159
272 167
273 172
274 174
274 175
274 176
274 177
274 178


oo
86
430 111
431 110
432 108
433 108
435 107
441 107
446 108
451 110
452 112
454 116
454 120
451 130
446 140
440 149
434 154
427 161
422 164
419 165
415 166
414 166
413 166
412 166
414 166
416 166
420 165
427 165
433 165
439 166
443 168
445 172
445 177
445 191
443 199
437 209
434 213
418 223
406 226
399 226
395 226
393 226
393 225
394 225
395 225
397 225
400 223
406 223
413 223
421 223
428 219
435 216
440 213
444 206
444 201
444 194
441 185
436 182
431 176
427 170
421 166
419 164
417 164
416 164
416 163
419 161
423 159
427 158
431 156
432 155
440 152
444 152
447 152
452 156
457 162
461 171
462 180
464 189
464 200
461 212
456 221
451 231
447 237
445 240
442 244
440 244
438 245
437 245


ha
76
308 173
310 168
310 167
312 165
314 163
317 162
319 161
329 159
339 159
346 159
351 163
353 171
357 185
357 200
356 214
350 226
335 238
332 239
321 241
318 241
315 240
311 235
310 231
310 227
310 223
311 220
313 218
314 218
319 221
325 227
334 235
342 244
350 251
356 258
361 262
365 264
368 265
369 265
369 263
369 262
369 260
366 256
360 246
351 235
340 225
337 220
335 220
336 220
337 220
338 220
343 217
352 213
362 210
377 207
390 204
400 198
406 194
409 192
412 186
413 183
413 178
412 176
410 173
409 172
408 172
408 173
408 183
408 195
408 214
408 250
412 272
416 279
417 282
417 281
415 279
415 278


l
41
308 134
309 134
310 133
310 132
311 132
313 130
321 124
329 120
335 118
337 118
339 118
340 121
341 124
344 133
347 143
348 151
348 157
342 165
333 170
321 177
311 181
306 184
305 184
305 183
305 182
305 181
305 180
305 179
305 178
307 180
310 185
315 193
326 210
346 235
357 253
360 258
361 261
361 260
361 259
361 258
361 253


ka
54
408 114
408 117
408 120
408 126
408 130
408 141
408 160
408 177
408 188
408 193
408 197
408 202
408 204
408 201
406 197
405 194
404 191
402 188
399 185
395 181
391 178
386 174
378 171
368 167
361 166
354 166
347 168
345 175
345 180
349 190
354 198
362 202
370 205
381 205
395 203
411 196
428 186
434 176
437 166
439 164
441 163
442 164
447 168
451 175
458 183
464 193
466 202
466 210
466 224
466 231
466 233
466 234
467 234
468 234


a
113
331 158
332 157
334 157
336 156
337 156
339 155
340 155
343 153
345 153
347 153
353 153
360 153
371 157
379 160
387 164
390 165
394 170
396 176
395 184
387 193
379 198
367 203
360 207
355 208
357 208
363 208
367 208
370 208
379 208
382 208
383 209
383 212
385 214
386 218
388 225
388 234
387 243
383 250
377 255
368 258
359 261
348 262
341 262
337 262
336 262
333 261
332 260
331 258
332 258
333 258
334 258
335 258
337 257
340 257
342 257
346 255
360 255
370 255
376 255
379 255
382 253
383 251
383 250
384 248
385 243
385 239
386 234
386 228
386 222
385 217
383 211
381 209
380 208
379 207
378 207
378 206
377 203
377 202
376 198
374 195
374 194
375 194
379 194
384 194
388 194
395 194
408 193
416 190
421 187
424 185
424 183
424 181
424 180
424 179
424 177
424 175
424 173
424 170
424 164
424 160
424 158
424 156
424 158
426 165
426 173
426 183
426 210
426 240
426 264
426 281
428 290
431 294
431 296


aa
133
303 150
303 149
304 148
306 146
312 141
320 137
326 135
328 135
332 136
336 139
338 143
342 151
343 154
343 160
343 166
339 170
332 175
329 175
328 175
329 175
331 174
334 174
341 173
348 173
354 173
357 173
360 179
362 189
362 208
357 222
349 235
334 241
318 243
307 240
300 237
295 232
293 229
292 227
292 226
294 226
296 226
299 226
305 224
313 223
324 221
336 216
344 209
352 202
354 196
354 191
353 187
348 183
344 180
338 178
334 177
334 176
334 175
334 174
335 174
337 174
341 174
345 174
358 174
374 172
390 170
404 166
407 164
408 162
408 161
408 159
405 155
403 150
400 142
398 138
397 136
396 135
396 136
396 137
396 142
396 143
396 149
396 154
399 161
404 171
406 178
408 183
409 189
411 193
411 194
411 196
411 200
411 202
411 203
411 204
411 202
411 199
411 194
411 182
411 167
410 154
404 140
399 131
394 127
392 126
392 125
393 125
397 124
403 124
408 124
422 124
434 124
447 123
453 123
453 122
454 125
456 128
457 130
458 132
462 142
464 158
464 172
464 184
464 191
465 193
466 194
466 196
468 200
469 202
471 205
472 208
472 209
472 210
473 210


ai
71
307 163
307 165
307 168
306 174
300 188
287 210
273 228
264 234
261 235
263 235
266 235
272 237
287 246
300 257
318 270
327 274
331 275
332 275
332 274
332 272
332 270
332 268
331 265
330 260
343 167
343 168
343 171
343 173
343 178
343 183
343 189
343 194
341 199
337 202
323 205
310 205
294 205
285 205
279 205
278 205
277 205
276 206
275 206
275 207
274 207
273 208
273 209
349 171
349 169
347 165
345 157
338 131
317 88
290 49
274 28
265 18
264 17
265 18
269 23
272 28
278 36
280 39
281 43
284 47
286 48
289 50
293 50
295 50
297 50
298 50
299 50


kh
143
372 137
373 137
374 137
376 137
377 137
381 137
384 137
386 137
390 139
397 156
400 169
400 180
400 188
399 196
397 201
391 205
386 208
377 210
369 213
366 214
362 215
360 215
359 215
357 215
355 214
354 213
354 212
356 213
359 215
361 217
367 224
380 238
393 250
409 260
418 264
428 267
434 268
437 269
438 269
437 269
436 269
435 269
434 268
433 268
430 267
428 266
427 266
425 264
426 264
427 264
428 264
429 264
430 264
431 264
433 264
435 264
436 264
437 264
439 264
442 263
443 262
445 262
447 260
447 259
447 258
447 257
447 256
447 254
448 254
448 253
449 252
449 251
451 247
453 243
454 238
456 233
458 230
461 225
462 222
462 219
462 217
462 214
462 209
462 207
461 205
458 201
454 199
448 197
442 197
437 197
435 199
434 201
434 203
434 205
434 208
434 211
434 213
434 214
434 215
434 216
434 217
435 218
436 218
438 218
440 218
446 213
455 204
463 194
470 185
472 174
472 166
471 161
469 155
468 154
466 153
465 152
464 151
463 150
463 149
463 152
463 157
463 164
463 180
463 195
463 211
463 223
463 230
463 235
463 238
463 242
463 247
463 252
463 258
463 264
463 269
464 273
465 275
466 276
466 277
467 277
467 276
468 276
469 276


jha
70
229 178
231 179
233 180
234 182
236 183
240 186
248 193
257 199
264 205
268 209
273 212
277 212
278 212
279 212
281 206
283 202
283 198
283 192
282 186
280 183
279 180
278 178
276 177
277 177
279 177
282 177
286 177
290 177
297 176
302 174
306 172
308 170
309 168
309 167
309 166
309 163
313 156
314 148
318 139
319 131
319 129
319 131
319 136
319 142
319 149
319 163
319 177
319 185
319 192
319 195
320 202
320 206
321 210
321 212
322 213
322 214
322 215
322 216
322 217
322 218
322 219
322 221
322 222
323 223
324 226
325 228
326 231
328 233
328 234
328 235


thha
58
343 186
341 186
338 186
337 186
330 186
324 186
321 185
319 181
316 176
313 169
313 164
314 162
317 161
319 161
320 161
323 161
324 163
325 167
325 170
325 172
325 177
324 180
319 188
310 200
301 208
293 213
290 215
289 216
287 217
291 217
297 219
303 222
315 226
345 226
372 226
394 226
410 224
420 216
426 203
427 191
427 182
425 177
424 173
423 170
423 169
423 175
423 180
423 187
423 195
423 212
423 230
419 246
419 252
419 255
419 257
419 259
419 257
419 255


n4
78
234 156
236 156
237 156
238 156
239 156
241 156
244 156
247 156
250 154
251 152
252 151
252 148
251 144
248 142
247 141
246 141
244 141
243 144
241 148
241 150
240 154
240 158
240 162
240 165
242 168
244 171
245 172
247 173
247 174
248 174
249 174
251 172
253 170
254 168
255 164
255 163
255 164
255 166
255 167
255 169
255 175
255 178
255 179
257 180
258 182
258 183
259 183
261 184
263 185
268 186
273 186
278 186
283 186
289 184
293 180
298 172
299 163
300 157
301 150
301 145
301 144
301 145
301 146
301 149
301 156
301 162
301 168
301 174
301 180
301 184
301 187
302 189
302 191
303 194
303 198
304 199
304 200
305 200


sha
78
559 176
557 176
555 175
551 174
545 172
528 166
506 162
487 162
475 164
463 170
460 177
458 183
456 190
455 196
453 206
453 208
455 210
459 211
463 211
467 211
472 211
475 210
481 205
491 198
493 197
502 187
510 180
517 172
523 166
531 159
534 156
535 152
535 148
535 145
530 136
529 133
527 126
525 122
524 118
523 116
523 115
523 114
523 113
523 112
525 112
527 112
528 112
530 112
531 112
533 112
534 112
535 112
540 117
546 124
551 137
557 168
557 188
557 206
556 215
553 228
551 236
551 239
549 243
549 246
548 248
546 253
545 256
544 257
544 258
544 259
543 259
542 260
541 261
541 262
540 262
539 262
537 262
534 262


am
145
352 135
352 133
353 128
354 125
356 122
358 117
361 113
364 112
365 112
366 112
368 112
369 112
371 112
376 114
376 115
378 116
380 118
381 120
382 121
383 124
383 128
383 131
383 135
381 138
376 143
375 145
373 145
373 146
374 146
375 146
376 146
377 146
378 147
379 148
381 149
383 151
385 153
386 156
386 158
386 159
386 160
386 161
386 163
386 164
384 164
382 164
381 164
379 165
375 165
368 166
361 166
355 166
348 166
346 164
344 164
343 163
380 143
379 143
380 143
382 143
384 143
386 143
391 143
394 143
397 143
398 143
399 143
400 143
401 143
402 142
403 142
404 142
404 141
405 140
406 140
406 139
405 114
405 116
406 118
407 120
407 122
407 126
407 132
407 138
407 143
408 148
410 150
411 152
411 153
401 74
401 75
401 76
402 78
403 79
403 80
404 81
405 81
406 81
406 80
407 80
408 80
408 79
408 78
408 77
408 76
407 76
407 75
406 75
405 75
404 75
403 75
401 75
400 75
400 76
400 78
401 80
402 80
403 81
351 113
350 113
349 113
350 113
351 113
354 113
357 113
365 113
371 113
379 113
385 113
390 113
394 113
400 113
402 113
406 113
407 113
409 113
411 113
412 113
413 113
414 113
415 113
416 113
417 113
419 113
420 113


u
49
281 163
281 162
282 160
283 158
284 157
285 155
286 155
289 153
296 152
305 152
312 152
321 152
328 152
334 155
336 158
337 160
337 164
336 169
332 175
318 182
310 184
306 186
305 186
305 187
307 187
310 187
312 187
318 187
324 187
328 189
333 190
336 194
339 197
343 204
347 209
349 216
349 219
349 224
345 228
340 230
334 232
327 232
319 232
311 232
303 232
297 232
294 232
293 232
290 232


sa
62
301 131
301 132
301 133
301 135
298 136
296 136
295 136
293 136
293 134
292 133
291 131
291 130
291 127
291 124
291 123
294 122
297 122
299 122
302 122
304 124
306 125
308 129
308 132
308 138
307 142
305 145
302 149
298 151
294 154
289 155
286 157
285 157
284 157
284 155
283 155
283 153
283 152
284 152
286 152
288 153
291 159
299 167
307 179
314 189
318 195
320 197
321 198
321 197
321 196
321 194
342 128
342 127
344 129
345 134
347 140
354 158
361 180
365 195
367 206
368 213
370 216
370 217


